alpha-HP = 1.3802541
alpha-HH = 1.6832844
alpha-PP = 1.9315737
beta-HP = 1.4921875
beta-HH = 0.55859375
beta-PP = 0.265625